3	1	22	2.00	0.00	0.00		8	1	22	2.25	0.00	0.00
		4	2	25	4.75	0.00	0.00		2	2	25	5.00	0.00	0.00
		7	3	30	6.14	1.00	0.00		17	3	30	6.24	0.88	0.00
		32	4	35	5.78	1.47	0.00		44	4	35	5.77	1.55	0.00
		73	5	40	5.00	1.74	0.33		85	5	40	5.00	1.78	0.35
		1,458	6	45	3.55	2.47	1.07		1,616	6	45	3.56	2.50	1.07

		0	1	25	0 0 0				0	1	30 0 0 0
		8	2	30	6.50	1.00	0.00		153	2	35	5.61	1.46	0.00
		30	3	35	5.70	1.40	0.00		147	3	40	5.00	1.75	0.39
		130	4	40	5.00	1.78	0.35		2,212	4	45	3.55	2.47	1.07
		1,799	5	45	3.52	2.48	1.07

		25	1	35	5.64	1.44	0.00
		146	2	40	5.00	1.75	0.38
		2,442	3	45	3.55	2.50	1.07