12	1	1.50	2.83	0.00	0.00	2.25	0.00	0.00	0.000	1.67	13	1	1.54	2.85	0.00	0.00	2.31	0.00	0.00	0.000	1.62
		19	2	1.00	2.63	0.42	0.00	1.37	1.11	0.00	0.000	1.63	8	2	0.63	2.88	0.00	0.00	1.25	1.25	0.00	0.000	1.50
		26	3	0.00	3.85	0.35	0.00	1.12	1.31	0.00	0.000	2.00	25	3	0.00	3.56	0.44	0.00	1.20	1.48	0.00	0.000	1.92
		106	4	0.00	3.45	0.77	0.00	1.53	1.40	0.07	0.000	2.03	26	4	0.00	3.31	0.92	0.00	1.50	1.38	0.12	0.000	2.04
		377	5	0.00	2.93	1.07	0.21	1.80	1.39	0.10	0.000	2.23	215	5	0.00	2.94	1.03	0.20	1.73	1.43	0.10	0.000	2.23
		744	6	0.00	2.51	1.24	0.38	1.93	1.53	0.12	0.011	2.37	284	6	0.00	2.53	1.24	0.44	1.88	1.60	0.13	0.014	2.32
		796	7	0.00	2.11	1.43	0.65	2.17	1.60	0.13	0.015	2.55	563	7	0.00	2.12	1.47	0.63	2.13	1.61	0.13	0.020	2.55
		5	8	0.00	2.40	1.60	1.00	2.20	1.40	0.20	0.00	2.40	54	8	0.00	2.04	1.50	1.00	2.20	1.48	0.17	0.019	2.54
7	1	1.29	2.86	0.00	0.00	2.00	0.00	0.00	0.000	1.857	21	1	1.33	2.95	0.00	0.00	2.05	0.00	0.00	0.000	1.62
		11	2	0.45	2.55	0.27	0.00	1.00	1.18	0.00	0.000	1.818	4	2	0.00	3.00	0.00	0.00	0.50	1.25	0.00	0.000	1.25
		18	3	0.00	3.72	0.39	0.00	1.11	1.44	0.00	0.000	2.000	19	3	0.00	3.74	0.37	0.00	1.37	1.16	0.00	0.000	1.89
		41	4	0.00	3.32	0.83	0.00	1.49	1.46	0.07	0.000	2.000	38	4	0.00	3.26	0.87	0.00	1.47	1.39	0.11	0.000	2.00
		199	5	0.00	2.93	1.03	0.24	1.66	1.53	0.11	0.000	2.256	160	5	0.00	2.92	1.02	0.21	1.74	1.46	0.10	0.000	2.20
		443	6	0.00	2.49	1.26	0.41	1.93	1.56	0.13	0.016	2.359	284	6	0.00	2.55	1.24	0.39	1.90	1.56	0.15	0.004	2.39
		301	7	0.00	2.12	1.52	0.59	2.11	1.65	0.11	0.030	2.532	416	7	0.00	2.08	1.46	0.60	2.17	1.62	0.12	0.019	2.51
		27	8	0.00	2.15	1.26	1.00	2.07	1.44	0.30	0.037	2.593	34	8	0.00	2.09	1.32	1.00	2.03	1.53	0.21	0.059	2.47
22	1	1.23	2.77	0.00	0.00	2.09	0.00	0.00	0.000	1.82	6	1	1.67	2.83	0.00	0.00	2.33	0.00	0.00	0.000	1.50
		13	2	0.85	2.85	0.00	0.00	1.15	1.38	0.00	0.000	1.62	8	2	0.75	2.63	0.00	0.00	0.75	1.38	0.00	0.000	1.50
		32	3	0.00	3.78	0.50	0.00	1.19	1.41	0.00	0.000	2.00	17	3	0.00	3.71	0.29	0.00	1.12	1.18	0.00	0.000	1.94
		85	4	0.00	3.39	0.86	0.00	1.40	1.53	0.07	0.000	2.05	38	4	0.00	3.18	0.76	0.00	1.42	1.29	0.11	0.000	2.00
		347	5	0.00	2.95	1.04	0.27	1.73	1.41	0.12	0.000	2.23	223	5	0.00	2.93	1.08	0.20	1.72	1.46	0.11	0.000	2.21
		540	6	0.00	2.51	1.25	0.42	1.97	1.52	0.09	0.019	2.39	472	6	0.00	2.52	1.25	0.39	1.93	1.60	0.11	0.015	2.38
		358	7	0.00	2.09	1.47	0.56	2.11	1.63	0.15	0.014	2.56	503	7	0.00	2.09	1.48	0.61	2.17	1.58	0.15	0.018	2.55
		1	8	0.00	2.00	1.00	1.00	1.00	3.00	0.00	0.000	3.00	20	8	0.00	2.15	1.25	1.00	2.35	1.50	0.05	0.050	2.60